28.5516
28.7242
29.5327
28.932
29.0865
29.1826
28.8813
29.2299
28.5083
29.3694
28.8115
28.8331
28.8678
29.1511
28.9432
28.7576
28.9918
29.1429
29.0741
28.8007
28.8923
29.0213
28.8678
28.7909
28.8876
28.9768
29.2252
28.8806
29.0349
28.9964
29.1097
28.8745
28.8828
28.9464
29.0119
29.0853
28.9638
28.5483
29.257
29.0944
28.7867
28.6265
28.883
29.0271
28.9885
29.0296
28.9027
29.1348
28.9576
29.252
29.1198
29.5344
28.7479
28.5822
29.0664
29.0584
28.8688
29.0303
29.1667
28.6037
28.8294
29.2106
28.8763
29.047
29.0924
28.8273
29.0278
29.0781
28.8162
28.779
29.1828
28.9692
29.3062
29.3467
28.9157
28.8742
28.5548
28.6715
28.8709
29.182
29.1088
29.1423
29.1267
29.2547
28.8166
28.8946
29.324
29.0371
29.0345
28.6029
29.1468
29.1942
28.9087
28.6271
29.3794
28.9356
28.9679
28.7035
29.0835
28.9202
28.8318
28.8987
28.6586
28.5509
28.8216
28.581
28.5285
29.0872
28.587
28.4998
29.093
28.6661
28.4929
28.4166
28.9646
28.4395
28.537
28.8076
28.8575
28.5211
28.876
28.9126
28.8616
28.7884
28.6992
28.7131
28.7169
28.9425
28.6988
28.6302
29.1487
28.8671
28.7202
28.3536
28.935
28.5598
28.6532
28.6785
28.3626
28.6498
28.5274
28.8799
28.7707
28.9051
28.8284
28.1478
28.6398
28.7781
28.4429
28.3992
28.7967
28.4878
28.6017
28.5928
28.7133
28.7866
28.5288
28.5308
29.206
28.4684
28.8182
28.5071
28.3926
28.4459
28.8861
28.8172
29.1679
28.7598
28.3334
28.8739
29.0171
28.6895
28.6133
28.3315
28.9552
28.55
28.6189
28.5482
28.6342
28.51
28.6877
29.0445
28.3004
28.49
29.0071
28.7628
28.9412
28.6996
28.4367
28.9977
28.8174
28.2255
29.0184
28.5867
28.8463
28.4079
28.8225
28.7662
29.1052
28.8403
28.9743
29.1999
28.9895
28.9639
29.2873
29.104
29.029
28.7456
29.4498
29.3966
28.8218
29.0488
28.8195
28.6494
28.9192
28.9856
29.3425
29.1141
29.1594
29.1694
28.9059
29.3279
29.3669
29.0863
29.0737
28.9774
28.9399
29.1623
29.1641
29.0066
28.5792
28.654
29.1825
28.9809
29.0365
28.6227
29.4347
28.4969
28.8408
29.2282
29.182
28.6114
29.1346
29.2719
29.0114
28.947
29.2252
28.8794
28.899
28.7943
29.1843
28.7799
28.8019
28.93
29.0919
29.4985
29.1784
28.9381
29.1507
29.1902
28.8967
29.437
29.1705
29.2466
29.1607
29.1039
28.8397
29.0972
29.1046
28.7349
28.7065
28.9984
28.5998
28.9673
29.3098
29.0158
28.8705
29.0937
29.0399
28.551
28.9127
29.2493
29.1592
29.4532
28.6513
29.1445
28.9298
28.7981
28.8746
28.8994
28.8386
28.667
28.8637
29.0381
29.052
29.0864
29.2919
29.219
29.2545
28.9876
29.1882
29.2178
29.1387
28.9115
29.4411
29.2101
29.2808
29.0262
28.9909
28.7832
29.2793
28.983
29.6075
29.1019
29.0189
29.3073
29.2106
29.0572
28.874
29.5132
29.4437
28.8461
29.1771
29.4741
29.4
29.0211
29.0706
29.1638
28.8873
29.5258
28.838
29.252
29.4383
29.0171
29.1283
29.32
28.9163
29.0383
29.0403
29.009
29.0031
29.3415
28.5584
29.3747
29.2529
29.1637
28.8785
29.1703
29.2539
29.1378
28.9656
29.4963
29.0594
29.1161
29.5537
29.0827
29.0517
29.0199
29.0435
29.3801
29.1444
29.4753
28.8912
29.3485
29.1671
29.3542
29.0812
28.9586
29.0127
29.1235
29.0631
29.3451
29.0922
29.2228
29.2212
29.0637
29.3936
29.1342
29.2631
29.0867
29.1443
29.0562
29.2143
28.9331
29.2383
29.3576
29.1328
29.0559
29.1058
29.2104
28.743
28.7925
29.1515
28.5667
28.4854
28.7935
28.7391
28.6401
28.9925
28.8514
28.7765
28.598
28.7034
28.6859
28.651
28.8588
28.7497
28.5252
28.7533
28.5906
28.7765
28.5246
28.8341
28.6736
28.758
28.863
28.2991
28.4208
28.5934
29.1963
28.7291
28.7594
28.9707
28.5953
28.9336
28.5094
28.9659
28.7635
28.5031
28.7608
28.8577
28.4474
28.7406
28.8357
28.72
28.9925
28.6506
28.8212
28.4183
28.8108
28.7409
28.8283
28.6428
28.4522
28.853
28.6533
28.6858
28.7813
28.7902
28.8211
28.6817
28.6211
28.8592
28.8289
28.9827
28.4962
28.7321
28.5127
29.2869
28.7685
28.6681
28.6395
28.8537
28.6629
28.9227
28.9153
28.7612
28.681
28.6155
29.0206
28.6284
28.7579
28.9319
28.9596
28.8216
28.9377
28.6295
28.738
28.316
28.6114
28.9662
28.6684
28.5306
28.2846
28.478
29.2998
28.9644
28.8518
28.9089
28.953
29.2118
28.7135
28.8852
28.9276
29.0232
28.8557
28.6815
29.043
28.711
28.3412
28.7879
29.0981
28.501
28.9784
28.8272
28.9764
28.8032
28.7034
28.6981
28.6191
28.8696
28.7214
28.8297
29.236
28.4267
28.8479
28.5927
28.7856
28.4607
28.5063
28.6081
28.5635
28.4528
29.0645
29.0217
28.7964
28.749
28.9388
28.3153
29.0696
28.7465
28.8074
28.9902
28.9622
28.6832
28.4973
28.9139
28.8519
28.8296
28.5268
28.6032
29.1197
28.6691
29.0434
28.5738
28.8694
28.8736
29.0102
29.1065
28.7506
28.7402
28.5125
29.1223
28.8951
28.9023
29.0414
28.9572
28.5984
28.8708
28.8982
28.6055
29.1556
28.5988
29.2596
28.4313
29.1254
29.0621
29.1758
28.5848
28.86
28.9258
28.6958
28.3243
29.1059
29.1182
28.6393
28.4675
28.7736
28.4962
28.9303
28.7441
28.835
28.9626
28.7521
28.9168
29.2617
29.0009
28.9602
29.1653
28.5683
28.8813
29.2098
29.5989
28.9148
28.9803
28.7355
28.9905
29.0184
28.9564
28.7116
29.1799
28.9403
29.2177
28.7921
28.862
29.2409
28.7152
29.1984
28.6709
29.0642
28.5474
29.0296
29.1712
28.4224
28.9089
28.9434
28.8482
28.7528
29.1188
28.7488
29.2837
29.0673
28.8447
28.9061
28.9007
28.4236
28.9666
28.6383
29.0282
28.8578
28.9359
28.9496
28.8418
29.0265
28.8443
28.9293
28.8789
28.9567
28.6932
28.9158
28.8938
29.1729
28.854
29.2355
28.3867
29.0732
28.5859
28.5787
29.1891
28.9946
28.6594
28.7841
28.8532
28.7482
28.4921
28.8519
28.9469
28.8058
29.2741
28.814
28.7478
28.4688
29.0218
29.0835
28.9625
28.7648
29.0492
28.8168
28.8332
28.6175
29.2171
29.0117
28.7833
29.2302
29.0213
28.797
28.5664
28.8396
28.8362
28.7195
28.8737
29.0048
29.2019
28.6765
28.8014
29.3962
29.1125
28.9176
28.9288
28.918
28.6986
28.9039
29.2319
29.3359
29.0043
29.1463
29.0008
29.3066
29.2121
29.4251
28.8191
28.8285
28.9169
29.2486
28.8487
28.9816
28.8277
28.6486
29.0764
28.8701
28.9503
28.9601
29.0154
28.9115
29.3924
29.0213
28.8696
28.7155
28.763
28.919
28.9899
28.9178
29.0492
29.1594
28.789
29.2229
29.2636
28.4669
29.016
28.9694
28.6056
29.0228
29.275
29.164
28.7382
29.3203
28.5731
29.0024
29.2558
29.0576
28.9674
28.9887
29.0602
29.4329
29.2005
28.9593
29.0529
29.2363
29.258
28.9536
28.6431
28.9169
28.9863
29.1864
29.1073
29.058
28.9266
28.5673
29.0066
29.2874
28.608
29.0102
29.1125
28.8386
28.7143
29.0413
28.6597
28.9796
28.904
29.0959
28.8849
28.8361
28.6431
28.6375
28.9639
28.7475
28.9135
28.688
28.6543
28.8402
28.9373
28.3991
28.8901
28.882
28.7885
29.2906
29.0213
28.5988
29.0851
28.6817
28.6053
28.7383
28.6986
28.7753
28.9179
28.2661
28.5163
28.8991
28.536
28.8558
28.9344
28.9177
28.6644
28.9179
28.688
29.2196
28.8503
28.6963
28.2279
29.0084
28.1675
28.9664
28.3825
28.8194
28.5267
28.7452
28.6956
28.8774
28.7875
28.8839
28.6225
28.7667
28.6222
29.0028
29.1588
29.0229
28.8803
28.8559
28.8203
29.0477
29.1977
28.9793
28.8375
28.6913
28.9214
28.8202
28.7203
29.1508
29.1147
28.9751
28.5731
28.6759
28.9155
28.5622
28.886
28.903
29.0254
28.6086
28.8136
28.719
28.5531
28.7668
28.8976
28.8113
28.8638
28.7875
28.9672
28.2679
28.7275
29.0502
28.3535
28.5021
28.7247
28.8834
28.9958
28.6389
28.4891
28.8295
28.7399
28.6999
29.2158
28.8398
28.9238
28.8868
28.3827
28.5818
28.3304
28.5082
28.8067
28.9371
28.7087
28.3927
29.1997
28.5641
29.2013
28.6645
28.777
29.1252
28.5981
28.7181
28.5475
29.0975
28.7297
28.9565
28.7214
29.11
28.821
28.8378
28.9978
28.4621
28.7562
28.8412
28.9903
28.9389
28.7699
28.4976
29.0366
28.9577
28.5038
28.8776
28.7044
28.9947
28.8705
28.7863
29.0194
28.5097
29.2179
28.8881
29.0602
28.7918
28.8754
28.492
28.6607
28.5244
29.1403
29.1499
28.4005
29.167
28.9339
29.1285
28.7262
29.0194
28.4695
29.1506
28.8404
29.0077
28.4233
28.7821
29.0186
28.8075
28.7234
28.5955
29.0171
28.498
28.917
28.8634
28.7235
28.8384
28.9926
29.3944
28.6847
28.3219
29.0302
28.6152
28.9173
29.0272
29.2918
28.8744
28.9502
29.18
29.2362
28.9542
29.038
28.781
28.7387
28.6797
29.17
28.8732
28.7198
28.6728
29.1221
28.8386
28.9538
29.016
28.8864
29.1832
29.014
28.9202
29.0962
29.1147
28.5858
28.6543
28.7423
29.038
29.0522
29.2486
28.8394
29.2701
28.9486
29.1621
28.7193
29.0062
28.7481
28.7831
28.8935
29.0621
28.7254
29.3021
28.7108
28.9973
28.887
28.8787
29.0092
29.0092
28.7229
29.1554
28.5874
28.9503
28.9703
28.5492
28.7364
29.0682
28.9892
28.925
28.83
28.7713
29.4114
28.6216
29.2004
28.8427
28.5752
29.2031
28.633
28.7502
28.9365
28.9482
28.8289
28.8144
28.7304
29.0307
29.1471
28.7537
28.7796
28.8181
28.7564
28.6635
29.1118
29.117
28.8106
28.6025
28.5872
29.0044
28.9487
28.688
29.2478
28.8319
28.5199
28.6667
28.6836
28.9588
28.8017
28.8695
29.0738
29.0178
28.696
28.9912
28.9876
28.9799
28.6951
28.9372
28.6974
28.6119
28.7011
29.0002
29.1481
28.8806
29.0066
29.0788
28.5924
29.2323
28.9592
28.5067
29.0937
28.8826
28.5117
28.8977
28.4439
28.6843
28.7321
28.9194
28.6767
28.9952
28.654
28.6349
29.2334
28.4513
28.9423
28.6511
28.6293
28.6961
29.0225
28.8215
28.4801
29.3841
28.6055
29.0318
29.1404
28.9294
29.028
28.8921
28.5594
28.8189
28.7758
29.3115
29.0791
28.8325
29.0517
28.7091
28.9295
28.8055
28.9531
29.0557
29.2851
28.7799
28.7835
28.7777
28.538
28.8819
28.889
28.655
28.7655
28.772
28.6314
29.0802
29.2242
28.7415
29.0131
28.9915
28.7423
28.8691
28.879
29.2197
28.7408
29.0623
29.0135
29.1393
29.0457
28.7949
28.9826
29.0081
28.854
29.0183
29.124
28.4674
28.808
29.0751
28.739
29.0441
28.9194
28.3159
28.4751
28.7306
28.7798
28.9276
29.0294
28.9694
28.6188
29.0422
28.9323
29.1483
28.7378
29.0191
28.8027
29.1331
28.9923
28.9791
28.9321
28.9499
28.8848
28.7673
28.8932
28.9219
28.4747
28.6418
28.8353
29.1451
28.8235
29.4047
29.319
28.8771
29.0173
28.6639
28.8308
28.7013
29.0488
28.8085
29.1072
28.4079
29.2608
28.7554
29.0592
29.0021
28.6213
29.3118
28.5985
29.2295
29.2024
28.8191
28.5864
28.9536
28.6617
28.937
28.9183
28.8589
29.0377
28.5209
28.7511
29.175
28.9099
28.9184
28.9089
29.2097
28.738
28.8017
28.6991
28.8781
28.885
29.1154
28.5524
29.031
28.829
28.6552
28.6225
28.3773
29.1873
29.0444
29.2098
28.7385
28.9689
28.6442
28.9758
28.3819
28.6181
28.5321
29.0484
28.8131
28.968
28.907
28.8517
29.4032
28.663
28.7934
28.7171
28.7055
28.7852
28.9921
29.2202
29.0073
28.3995
28.3867
28.7655
29.0621
28.6942
28.8354
28.9007
28.9218
29.0048
28.9012
28.7583
28.8662
28.9149
28.523
28.9189
29.061
29.2434
28.8873
28.9721
28.8171
28.8078
28.5731
28.8342
28.7621
28.6072
28.7296
28.7675
29.0513
29.2018
29.1636
28.703
28.8114
28.3489
29.2888
28.8372
28.92
28.9371
28.9998
28.6191
28.9921
28.9564
28.9045
28.9105
28.375
28.9329
28.9072
29.0072
28.661
29.4084
28.9542
28.9299
28.8768
29.245
28.8801
29.315
28.9209
28.8563
29.153
28.9239
28.7958
28.8536
29.0825
28.6635
29.0268
29.1922
29.3527
29.1014
29.0926
29.0488
29.0223
29.0966
29.2739
28.9624
29.1041
29.5039
28.5198
29.2647
29.3061
28.8706
29.0251
29.2314
29.2018
29.2426
28.9295
29.2941
28.8827
28.8879
28.9157
29.226
28.7847
28.9462
29.242
28.2771
29.3318
29.4745
29.1636
29.0384
28.9183
28.7964
28.7658
29.2046
29.432
28.6031
28.9732
28.5486
29.399
29.2534
29.1073
28.7652
29.064
28.6526
29.2288
28.5775
28.8862
29.2079
28.9989
29.2722
28.7252
28.9937
29.1529
28.9494
29.0093
29.4129
28.9965
29.2702
29.1026
29.0069
29.3786
28.8227
28.6909
29.2099
29.4112
29.0825
29.0444
29.1644
28.9902
29.0904
28.872
29.3491
28.7901
29.176
29.0137
28.6469
29.2621
28.864
28.6294
29.1002
28.8015
28.9129
28.8428
29.1307
29.0092
28.611
28.9308
28.9776
28.8567
29.2898
29.1036
28.837
28.8861
29.1397
29.3353
28.7889
28.5313
28.9707
29.05
29.21
28.8024
28.6406
28.9885
29.0863
28.8097
28.7807
28.7929
28.7546
28.7251
28.4284
29.3147
29.1599
29.0422
28.8307
29.0225
28.5853
28.6963
29.1385
29.3452
28.6726
29.2255
29.1007
28.9539
28.8385
29.134
28.5135
28.9753
28.5671
29.0674
28.9453
29.0088
29.2434
29.2648
29.012
28.8873
28.682
29.2184
28.8243
29.4188
28.8717
28.7721
29.0471
29.0701
28.8899
28.9069
28.9018
28.795
28.653
28.944
28.7955
28.917
28.7836
28.7405
28.8092
29.0275
28.7641
29.4256
29.1858
28.5519
28.7371
28.5206
28.9216
29.3882
28.8035
28.7126
29.1414
28.8191
28.947
28.7413
28.8161
28.8604
28.6074
28.799
28.5964
28.6531
28.4016
28.9794
28.9657
28.9312
28.6099
28.9225
29.065
29.0657
28.7169
28.7987
28.8794
28.6665
28.9976
28.8142
29.1044
28.8927
28.9092
28.7582
28.7686
28.8906
28.9703
29.087
28.9021
29.0478
28.6738
28.9871
29.1994
28.7841
28.8528
28.7905
29.3256
28.8621
29.2681
28.7342
28.7203
28.8708
28.7156
28.7061
28.9419
29.1155
28.8915
29.1681
29.151
28.7984
29.1878
29.0915
29.399
29.3033
29.0517
28.9848
28.4849
28.7927
28.8197
28.841
28.6908
29.0267
28.7924
28.7947
28.6251
29.3755
28.8225
28.8347
28.9247
28.7692
29.0247
28.8919
28.6444
29.0048
28.8449
29.0459
28.8643
29.3572
28.7591
28.7255
28.7291
29.3126
28.6914
28.461
28.9401
28.6951
28.9487
28.8899
28.8207
28.9686
28.9558
29.1573
28.7431
28.8983
28.5236
28.5874
28.574
28.512
28.5655
28.9868
28.434
28.9314
28.9576
28.9343
28.632
28.4454
28.9864
29.1192
28.5954
29.2861
28.9036
28.6088
28.5174
28.8122
28.5419
28.5131
28.757
28.7428
28.8984
29.0091
28.9248
28.3891
28.346
28.2391
28.957
28.6582
28.9067
29.2764
28.9294
29.1697
28.8144
28.8299
29.0836
28.7646
28.8312
28.8726
28.4825
28.6937
28.7323
28.6855
29.0985
28.5666
28.5925
28.706
28.9317
29.218
29.2783
28.7878
29.1326
28.7435
28.6815
28.8739
28.7796
29.0928
28.7628
28.8816
28.7881
28.7399
29.0549
29.0325
29.1367
29.0635
28.6966
28.8584
28.7036
28.9675
28.9774
29.1527
28.9837
29.0368
28.6719
28.9033
28.7777
28.4496
29.0661
28.8757
29.0698
28.9346
28.7687
29
28.4301
28.6658
28.6983
28.7885
28.5947
28.7711
28.5626
29.1923
28.4568
28.7631
29.1192
29.1377
28.6251
28.8683
28.9347
28.8723
29.0502
28.7933
28.7825
29.3726
28.9845
29.019
29.0231
28.7891
29.2959
28.7281
28.7958
28.4808
28.9802
28.9711
29.0352
28.3369
28.8799
28.9557
28.6506
28.972
28.7928
28.6889
29.1126
28.5878
28.8255
28.8831
28.28
28.7255
28.5986
28.2657
29.1276
28.6888
28.9608
28.1828
28.4891
28.7903
28.974
28.9921
28.8137
28.6417
28.9348
28.8603
28.7581
28.7142
28.7761
29.0252
28.6066
28.6237
28.9957
29.1871
28.6014
28.9843
28.7198
28.7616
28.6858
29.1807
28.7426
28.7365
28.7169
29.2133
28.7516
28.8222
28.4123
28.7792
28.802
28.6018
29.1258
28.7696
28.5106
28.676
28.6785
28.5362
28.9155
28.6642
28.8996
29.0676
28.861
28.5847
29.0396
29.3369
28.7753
29.0327
28.9591
28.9487
28.9812
28.876
28.8563
28.8288
28.5612
28.9639
28.6334
28.216
29.1931
28.8856
28.7711
28.7786
28.6203
28.4981
28.7772
28.6745
28.3139
28.8827
28.9767
28.8433
28.9564
29.1627
28.4676
29.205
28.7323
28.5173
28.9116
29.3897
28.8884
29.041
28.9914
28.9132
28.9858
28.8768
28.9324
29.2468
28.847
28.9784
29.1373
29.3472
29.0636
28.9407
28.6544
28.9155
28.9192
29.0447
28.6864
28.8504
28.8213
28.8471
29.4484
28.6949
28.7661
28.9671
28.906
29.2717
29.1223
28.5862
29.0284
28.7495
28.8669
28.7075
28.7512
29.0283
28.9252
28.8483
28.9032
28.7107
29.0207
28.9783
28.9323
28.6693
29.2324
28.8969
28.9692
28.9877
28.7266
28.8306
28.7708
29.2783
29.0299
28.8457
28.9093
29.1394
29.1457
29.0269
28.7834
29.2701
29.0747
28.7703
28.4734
29.1395
29.0916
28.8876
28.8742
28.592
28.9331
28.8724
28.7431
28.7133
29.1684
28.96
29.0898
29.0207
28.5799
29.2277
28.909
29.0265
28.6429
28.8099
29.1536
28.8181
29.0926
28.6972
28.8887
29.1054
29.1299
28.8364
29.4061
28.8034
29.0587
28.587
28.9324
28.7075
29.0547
28.877
28.9578
29.3546
29.0491
28.9667
28.5797
29.022
28.5116
29.3418
28.7415
29.0443
28.9706
28.7627
28.6718
28.8254
28.9481
28.8084
29.2474
28.6252
28.7613
28.798
28.4347
29.036
29.4329
28.6748
28.8052
28.5552
28.7755
29.1611
28.7547
28.8657
29.072
29.1798
29.0202
28.6177
28.8057
28.3717
28.6153
28.9806
28.9997
28.6921
29.2164
28.8719
28.6907
29.1375
28.8404
29.0413
29.0166
28.7759
28.605
28.9598
28.6929
28.7822
28.7255
28.5882
28.7256
28.7813
28.5638
28.8532
29.4007
28.9829
29.1771
28.6651
28.8558
28.9929
28.8112
28.7529
29.0724
29.2004
29.1825
28.8377
28.8401
28.9671
29.126
28.9753
28.9731
29.1163
29.0637
29.0703
29.1322
28.8203
29.2015
28.6304
29.2757
28.9872
29.2158
28.7834
29.3279
28.9603
29.1314
28.8679
28.7053
28.6942
28.9595
28.7881
28.7873
29.1324
28.9939
29.35
29.1075
29.1012
29.105
28.9457
29.1764
29.4748
29.0377
28.727
28.7938
29.3238
28.9294
28.6244
28.5697
29.0082
29.1262
29.2758
29.2107
29.1064
29.1537
28.7547
29.0944
28.5658
28.8896
28.8401
28.9547
28.9256
29.0489
29.001
28.9538
28.6503
28.8983
29.2618
29.1934
28.9357
28.7162
28.7877
29.0357
28.9717
29.2092
29.0274
28.97
29.0164
29.3265
29.0831
28.6439
28.7837
28.8779
28.6198
28.4934
28.7353
29.0712
28.7755
28.4391
28.8533
28.6884
28.4069
29.4552
29.0155
28.7886
28.8909
28.6708
29.0717
28.943
28.8002
28.8189
28.5195
28.8035
28.4932
28.7992
28.7117
28.6324
28.6289
28.7475
28.8671
29.2906
28.6277
28.8076
29.006
29.1181
28.4562
28.6634
29.1335
28.6832
28.8516
28.4526
29.3373
29.2194
28.7326
28.9054
28.4009
28.8067
28.9585
28.9626
28.5383
28.7434
28.6686
28.9468
28.6309
28.6613
28.8356
28.8718
28.6938
28.4451
28.5569
28.9137
28.9185
28.7656
29.0266
28.7444
28.6682
29.0037
28.5649
28.867
28.7138
28.344
28.7273
28.6666
29.0588
28.7202
29.0747
28.8134
29.1986
28.5046
28.8493
29.1694
28.4638
29.078
28.7578
28.9488
28.8341
28.4832
29.2496
28.9233
29.202
28.9281
28.7077
29.1759
29.3667
28.7991
28.8311
29.1185
28.7122
28.9334
28.7521
28.8797
28.5667
28.9811
29.0133
29.2852
29.2682
28.6944
29.0013
28.5846
28.9227
28.8739
28.7332
29.4725
28.4368
28.9281
28.9059
29.055
29.0688
28.6328
28.5994
28.7101
28.887
28.6992
28.72
28.8434
28.6226
28.768
28.9501
28.4335
28.8869
28.8474
28.9925
29.0419
28.919
28.9036
28.7274
28.8948
28.6995
29.1437
29.1305
28.6637
28.8313
28.9839
28.7327
28.7335
28.7777
28.8991
29.0314
28.7468
28.8679
29.2176
29.486
28.775
28.7095
28.9035
28.6921
28.8682
28.7277
29.1354
29.4252
28.8534
28.953
29.1668
29.2077
28.8111
29.0087
28.4659
28.9804
28.8156
28.8652
28.9249
28.6446
28.7584
29.0721
28.9883
28.8705
29.0336
28.7398
28.6594
29.0729
28.8557
28.8345
28.9409
29.5057
29.2641
29.1081
29.113
28.5356
28.952
28.5613
29.1573
29.0156
28.8122
28.7265
28.7358
28.9126
28.9587
28.8663
28.7199
29.1157
28.8418
28.9926
29.0871
29.0747
28.5407
29.0761
29.0467
29.1854
28.724
29.0935
28.9449
28.7811
29.2259
28.7216
28.9895
28.6857
28.9499
28.9599
28.6764
28.9485
28.7616
28.8877
28.6474
29.2707
28.7778
28.6354
28.6745
28.7434
28.8314
29.0435
28.7586
28.817
29.1366
28.2347
29.1089
28.9937
28.5296
28.7384
28.8858
28.5902
28.6874
28.577
28.8541
28.532
28.2828
28.6465
29.0272
28.7634
28.6701
28.8305
28.6831
29.0281
29.0987
28.4567
28.9641
28.8291
28.6101
28.836
28.9205
29.0114
29.131
28.6041
28.6956
28.8818
28.6927
28.4832
28.6957
28.9624
28.706
28.7917
28.2132
28.557
29.2639
28.6019
28.7076
28.6074
28.8583
28.9902
28.6331
28.9622
29.0673
29.2481
28.8601
28.8431
28.6784
28.9511
28.9699
28.7835
28.7505
28.7333
29.0873
29.0059
29.1959
29.2317
28.845
28.9626
29.1335
29.0692
28.4349
29.0074
28.9776
29.1527
28.9751
28.5614
29.129
28.4622
29.5324
28.7838
28.8162
28.6297
28.9533
28.8658
29.0362
28.9003
28.5823
29.0388
28.463
28.6199
29.1596
29.0828
28.9532
29.1303
28.8832
29.0007
29.276
28.8252
28.8715
28.8401
28.6733
28.6324
28.9162
29.1164
28.8834
29.1932
28.6271
29.2184
28.849
28.9932
28.9088
28.8526
28.7883
28.9105
28.7895
28.6904
29.0048
29.1087
28.6524
28.7002
28.5772
29.0639
29.0197
29.0617
28.9429
28.9492
29.0239
28.5728
28.7962
29.3643
29.0184
28.6835
29.0788
28.97
28.9117
28.9552
28.7705
28.7451
28.8765
29.0099
28.9389
28.7287
28.8592
28.6544
28.7001
28.8629
28.9956
28.8593
28.2782
28.8027
28.9164
28.8926
28.6891
28.7321
28.7791
29.1535
28.4368
28.9223
28.66
29.1686
28.6713
28.5774
28.878
28.4745
28.8403
28.7679
28.866
29.1047
28.4414
28.8035
28.5605
29.0466
29.041
29.022
28.9722
28.9634
29.1741
28.6279
29.3239
28.777
28.6262
28.6928
28.7641
28.6593
28.6278
28.7734
28.7025
29.1021
28.8016
29.0557
28.4047
28.8456
28.9591
28.55
28.6571
29.0888
28.6628
28.8429
28.5837
28.9353
29.3914
28.7382
29.2242
28.6423
28.8207
28.9549
28.8915
28.4695
29.1138
28.9241
28.9003
28.8932
28.7698
28.9496
28.864
29.1071
28.4467
29.1548
28.7156
29.0724
28.9547
29.3064
28.7495
28.8946
28.9936
29.0025
29.193
28.8788
28.5519
28.7299
29.1176
28.721
28.9731
28.9916
28.7409
28.8821
28.8487
29.0472
29.0614
28.7357
28.326
29.065
29.0364
29.0343
29.134
28.7412
28.9135
29.1925
28.9894
29.1689
28.9473
29.1628
28.9193
28.0469
28.7434
28.8961
28.808
28.9158
28.9126
29.1321
28.8069
28.8928
29.1922
28.9368
28.9966
28.7885
28.9307
28.6751
28.2263
28.5535
28.9082
29.0041
28.6452
28.6977
28.5481
28.8729
29.0301
28.966
29.1841
28.7834
28.7686
28.8083
28.8747
28.6209
28.8098
28.8326
29.2676
28.5668
28.6941
28.9921
28.686
28.8038
29.0907
29.1693
29.1005
29.0779
28.9452
28.932
29.0989
29.0736
28.7172
28.826
28.7342
29.0548
28.7107
29.3001
28.9754
28.9596
28.8418
28.9274
28.6308
29.0336
29.1862
29.1043
28.7277
28.8958
29.0669
29.2766
29.0431
28.9011
28.8026
28.8173
28.5208
28.9895
29.2011
28.942
29.0462
29.0768
29.0757
28.6006
29.2333
28.8082
28.8221
29.276
29.0373
28.717
28.4004
28.8923
29.0535
29.0224
29.0321
28.6555
29.2906
28.9052
28.6578
29.03
29.0522
28.6466
28.4274
28.7956
28.8615
28.5138
28.9142
28.7158
28.7497
29.1048
29.188
29.1911
28.9808
28.6571
28.8656
28.7504
28.7943
28.8858
28.6484
28.6116
28.437
28.7867
28.6228
29.0582
28.9911
28.9887
28.5798
28.7041
28.6749
28.9778
28.269
28.6632
28.7671
28.8601
29.1174
29.1049
28.6312
28.6531
28.4421
28.5976
29.1692
29.1172
28.7249
28.788
28.8849
28.7541
28.8749
28.8525
29.0524
29.0222
29.3051
28.7538
28.9029
29.1105
28.6648
29.0725
28.5763
28.656
28.8107
28.4052
28.9858
28.7518
28.6857
28.9207
28.5351
28.6061
28.8495
28.703
28.6007
28.853
28.5451
29.0127
28.8185
29.0174
28.7413
28.8753
28.6944
28.8148
28.8851
28.7525
28.5422
29.0067
28.7141
28.7794
28.8443
28.7776
28.7026
28.8353
28.8056
28.5981
28.7507
28.9399
28.705
28.7502
29.0324
29.1615
28.7019
29.0203
28.9492
28.7388
28.6693
28.9795
29.225
28.7005
28.9498
29.0104
29.0055
28.9701
29.2107
28.6211
28.6921
29.011
29.0209
28.6169
28.8623
28.6948
29.0354
29.2987
28.5562
29.01
28.8629
28.9959
28.9935
28.8659
28.9494
28.7082
28.6071
28.9914
28.7062
28.9044
28.5385
28.8637
28.2072
29.3003
29.4992
28.6327
29.4137
28.6722
28.9881
28.6085
29.0589
28.7913
28.8713
29.1137
28.9389
28.9503
28.7565
29.1764
28.9855
28.9523
28.9422
29.0965
28.8669
29.3883
29.169
28.9394
28.9769
28.6979
29.097
28.9553
28.7684
29.0839
28.8997
28.7631
29.0999
28.9019
29.0048
28.643
29.1669
28.6704
29.3213
28.7767
29.2619
29.113
28.996
28.8037
28.7495
28.8679
28.6267
29.2812
29.0266
29.3167
28.8503
29.7115
28.7735
28.711
28.6215
29.3074
29.1302
29.2508
29.1027
29.0474
29.0102
28.7479
29.1222
28.5344
29.0284
28.7884
28.7527
29.2699
28.8692
29.0007
29.0327
29.4387
28.8363
28.9118
28.8374
28.4958
28.9862
29.0245
28.8698
28.8138
28.7295
28.8216
28.7792
28.8982
29.0959
29.183
28.9335
28.9324
29.3029
29.0894
28.6802
28.9911
28.943
29.0022
28.9827
28.9834
28.9565
29.057
29.1337
28.8124
29.1348
29.0345
28.8843
29.0758
28.6591
28.7804
29.0875
29.1838
28.6473
29.0247
28.6741
28.8398
28.7537
29.251
29.142
28.6767
29.171
28.8006
28.938
29.0088
29.1588
28.6952
29.0819
29.0485
29.1345
29.4486
28.7654
28.9369
28.7177
28.8689
28.7635
28.9617
28.8022
28.862
28.9161
28.6448
28.6571
28.732
28.9522
28.7725
28.9013
28.7685
28.8976
28.5674
28.6793
28.6025
28.7396
28.8829
28.8474
28.7484
28.8704
29.1072
28.8579
28.7533
29.1693
28.937
28.7554
28.9741
29.4497
29.2855
28.8984
28.8688
28.8072
28.7934
28.7993
29.3968
29.0195
28.9408
28.9193
29.2171
28.6514
29.0513
28.7052
29.0152
28.9953
28.6524
29.0115
28.7439
29.2638
28.6607
29.0622
28.5266
28.5694
28.748
28.9937
28.9262
28.8846
28.7734
28.9912
28.9014
28.9118
29.2784
28.8809
28.8956
28.6552
28.5253
28.6622
28.7852
28.6647
28.7041
28.5202
28.9228
28.8802
28.7159
28.4823
28.954
28.3401
28.814
28.7758
29.0479
28.4221
28.7583
28.6176
28.8134
28.5841
28.8036
28.6408
29.0268
28.9466
28.6943
28.7895
28.6863
29.0876
28.7564
28.4945
28.7682
28.6156
29.0088
28.9875
28.4829
28.798
28.8199
28.8265
28.7838
28.4125
28.9779
28.8481
28.7696
28.7365
28.9337
28.8316
28.9546
28.6947
29.0345
28.6494
29.0226
28.8001
28.51
28.9499
28.7548
28.8696
28.8964
29.2432
28.8206
28.6705
28.0845
28.625
28.3683
28.4912
28.954
29.1534
28.8329
29.0872
28.983
28.74
28.9417
29.2257
29.2314
28.1775
29.0427
28.8972
28.7258
28.6458
28.608
28.7556
29.3503
28.6837
28.3606
28.5818
28.8704
28.64
28.4653
28.8053
28.9643
28.8353
29.1552
28.9472
28.9463
28.7829
29.0086
29.2089
28.783
28.8259
28.7022
29.3829
28.9773
28.9132
28.3507
28.6329
28.7108
28.6816
28.9775
28.6622
28.9911
28.75
28.9105
28.9351
28.7904
28.8511
28.8711
28.8836
28.8334
28.8597
28.641
28.6055
28.8799
28.9842
28.7253
28.92
28.6999
28.7817
28.9471
28.4718
28.8082
29.0062
28.4979
28.8863
28.4952
28.865
28.5736
28.3742
28.9087
29.0467
28.7349
28.6628
28.9456
29.02
28.6951
28.8294
28.9082
28.6816
29.0528
28.8309
28.5401
29.1856
28.6875
29.0959
28.8266
28.8775
28.7395
28.6232
29.2139
28.8158
28.9082
28.7901
29.0332
29.0884
28.4755
28.5463
28.9249
28.2432
28.6824
28.549
28.5656
28.8445
28.5703
29.0207
28.5151
29.1148
28.7749
28.6681
28.6903
28.9566
28.8361
29.2441
28.438
28.7376
29.0431
28.854
28.8681
28.8297
28.3721
29.0108
28.7132
29.0917
28.3955
29.0717
28.5273
29.2551
28.6773
28.7769
29.0081
28.9391
28.8657
28.9395
29.0011
29.0909
28.6936
29.0857
28.9754
29.0229
29.0861
28.7641
29.1871
29.1859
29.0847
29.0411
29.0395
29.181
29.0219
29.1228
29.4708
28.5422
28.8394
28.8886
29.0853
29.1635
28.9365
28.9229
29.2136
29.0099
28.7326
28.8832
29.057
29.0671
28.8641
29.1311
28.7504
28.9744
29.4148
28.9547
28.9411
29.031
28.6876
28.3072
28.9603
28.7133
29.242
28.978
29.0011
28.5361
29.0107
28.5965
28.4429
28.2968
28.7413
28.6842
28.7417
28.6762
28.5912
28.823
28.9601
28.9105
28.3289
28.7311
28.4853
28.5897
28.602
28.9353
28.9841
29.0627
28.7892
29.1484
28.7591
29.2343
28.6765
28.5468
28.9417
28.3533
29.1224
28.7155
28.7891
28.767
28.3695
29.1007
29.0493
28.5444
28.8193
29.2138
28.5979
28.837
28.738
28.765
28.9863
28.6647
28.9969
28.8575
28.6586
29.1315
28.9853
28.7706
28.7459
28.8477
28.5893
28.2866
28.9069
29.2464
28.6049
28.4761
28.8706
28.1754
28.6153
28.7355
28.6057
28.9294
28.5205
28.8239
28.599
28.59
29.0722
29.0463
28.6782
28.6284
28.8203
28.6575
28.6429
28.6201
28.8466
28.8675
28.5035
28.8001
28.8806
28.5879
29.004
28.4248
28.4469
28.8275
29.3365
29.3573
28.7733
28.464
28.5745
28.6926
29.0696
28.8627
28.9181
28.8569
28.554
29.0309
28.5788
28.9795
28.9139
28.8138
28.9626
28.7387
29.3113
29.1202
28.7727
28.8749
29.0217
28.9108
29.0839
28.8595
28.81
29.1801
28.7603
28.8413
28.9775
28.6728
28.5573
29.2688
29.0834
28.5349
28.4391
29.0993
28.6034
29.0106
28.8629
28.7864
28.873
29.006
29.1785
28.8463
28.6719
29.1688
29.1074
28.6762
29.1198
28.9061
29.0509
28.5726
28.8743
28.5333
28.9485
28.9585
29.0865
28.7336
28.9979
28.6615
29.1113
28.9768
29.1247
28.9108
28.6458
28.6135
28.5639
29.0037
28.9457
28.7817
29.1571
29.2355
28.5214
29.3047
28.8191
29.0446
28.985
29.1772
29.2274
28.6638
28.9631
28.6559
28.9896
28.607
29.3985
28.8308
29.0882
28.8255
29.0439
28.4853
28.5295
29.0662
28.8648
28.9572
28.6692
28.8485
28.7798
28.7664
28.4222
28.6715
28.8318
28.693
28.7731
28.2122
29.0018
29.2288
28.6962
28.8211
28.7954
28.4876
28.6624
28.9135
28.7857
28.6977
28.8332
28.3513
28.7241
28.8771
28.7549
28.5285
28.6266
28.7847
28.3973
28.8522
29.0083
29.0986
28.9985
28.9931
28.4871
28.9323
28.9046
28.8986
28.6082
28.9218
28.6313
29.0433
28.3079
28.4784
28.7493
28.809
28.4556
28.7964
28.5212
29.4453
29.0245
28.8068
29.1823
28.8904
29.025
28.8965
28.8426
28.6834
28.9827
29.2771
28.8764
29.1494
28.8825
29.052
28.9486
28.9616
28.8382
28.5551
29.2002
28.5674
28.8554
29.1267
28.8957
29.0217
29.1239
28.8391
28.9785
29.2665
29.0154
28.6908
28.9098
29.1784
28.8728
28.7903
29.0589
28.8136
29.2611
28.895
29.1566
28.8251
28.9005
29.1291
28.8626
29.1278
28.8847
28.9559
28.8134
28.7531
28.6849
29.3316
28.8303
28.875
28.9807
29.0374
28.7595
28.5651
28.7355
28.9446
29.1755
28.9742
28.8086
28.9197
28.9816
28.8704
28.943
29.1014
29.371
28.9707
28.8468
28.6927
28.9119
28.7544
28.8235
28.8946
28.9522
28.6958
28.9151
29.3434
28.9478
29.0023
28.8325
29.0164
29.0761
28.7941
28.8684
28.9836
28.9596
29.0053
29.0462
28.5667
29.0016
28.9269
29.2567
28.3904
29.1023
28.6438
29.062
29.169
29.1012
28.8295
28.8734
29.0396
29.0113
28.6857
28.4547
28.6332
29.1679
28.6194
28.7478
28.8085
28.4293
29.2145
28.6497
28.8857
28.942
28.5095
28.7919
28.5482
28.5803
28.8486
29.279
28.9541
28.8521
28.833
28.7761
29.0921
28.8573
28.4562
29.1934
29.1582
29.0378
28.7334
28.9341
28.4185
29.1144
29.0583
28.6155
28.9148
29.0474
29.0429
29.0463
28.9296
29.0059
29.0865
28.6633
28.6638
28.4486
29.0536
29.1776
28.8038
29.2101
28.6626
29.151
28.7685
28.7698
28.7748
28.9048
28.8637
28.8871
28.8006
29.053
28.6674
28.871
28.6522
29.2945
28.9981
28.4506
28.856
28.4827
28.5884
28.8167
28.2479
28.5789
28.5452
28.5659
28.7249
28.5629
28.975
28.5375
28.3603
28.6875
28.8136
28.7115
28.5901
28.8908
28.4868
29.1228
28.4981
28.79
28.566
28.5694
28.9153
28.3934
28.4196
28.4477
28.8749
28.7405
28.9399
28.6192
28.9101
28.6036
28.8808
28.4865
28.6848
28.7905
28.5059
28.361
28.5816
28.6549
28.6578
28.6143
28.8391
28.8444
28.5045
29.0627
29.0872
28.9452
28.7699
28.9884
28.9093
28.9629
29.0626
28.5496
28.8624
28.8647
28.9264
29.1801
28.6466
28.642
28.8741
28.7453
28.7806
28.8221
29.1569
28.8605
28.4269
28.4945
28.8714
28.9903
28.7942
28.8918
28.6296
29.3025
29.0415
28.6361
28.2803
28.9541
28.6356
29.1893
28.8607
28.6498
28.991
28.9031
28.9599
28.8605
29.006
28.9684
28.6713
28.691
28.7873
28.4109
28.601
28.6614
28.5211
28.9819
28.8867
28.9667
28.6012
28.8211
28.4521
28.7022
28.4079
28.7179
29.0487
28.3002
28.916
29.161
28.3848
28.8491
28.8137
29.0168
28.3172
29.1515
29.4009
28.9304
28.8347
28.3352
28.6284
28.7103
28.5841
28.9049
28.6734
28.6225
28.7518
29.1664
28.9686
29.1842
28.753
29.0696
28.4247
28.591
28.9851
28.5747
29.2143
28.7642
28.8372
28.939
28.8248
28.8134
28.7191
28.1244
28.68
28.9239
28.8952
29.3693
28.9839
29.097
29.0747
28.7884
28.5913
28.6645
28.9841
29.137
28.7665
29.3855
28.6864
28.6802
29.1119
28.6435
28.7248
28.8634
28.8422
29.4458
28.9101
28.9561
28.7824
28.8498
29.0521
29.2506
28.3894
28.8527
28.5952
28.8284
29.1889
28.9418
28.9598
28.6474
29.1194
28.702
28.7505
28.7361
29.0357
29.1078
29.108
29.0373
28.9698
29.0318
29.1683
29.0959
28.7397
28.7303
28.7982
29.05
28.6058
28.9162
28.6158
28.8498
28.7146
28.5405
29.0552
28.6957
28.6293
29.155
28.8205
28.4402
28.9693
28.858
28.66
28.6576
28.9697
28.9638
28.7242
28.8481
28.4464
28.8645
29.1885
28.724
28.7783
28.9179
28.7707
28.7302
28.6656
28.1467
29.2553
28.679
29.1311
28.4556
28.8041
28.9862
28.804
28.5983
28.7383
28.6799
28.7616
28.7631
28.6783
29.1874
28.3825
28.3589
28.6423
28.8431
29.1048
28.8441
28.9403
28.7101
28.7794
28.8379
28.8022
28.6819
28.956
29.1355
29.0328
29.0097
28.478
28.8945
28.8683
28.883
29.1618
28.7202
29.0021
28.8104
28.7725
28.9187
28.6516
29.2119
28.8399
28.1972
28.7353
28.773
28.7827
28.7738
28.7002
29.245
28.6394
28.6862
28.9492
28.8371
29.1224
29.1412
29.0271
28.8642
28.5643
29.0055
29.3615
28.3144
28.3723
28.5458
28.6709
28.9312
28.4838
29.0316
28.5645
28.6763
28.6178
28.281
28.9232
28.5634
29.022
28.5705
28.6184
28.8321
28.8738
28.9955
28.673
28.2613
29.0731
28.3828
28.7103
29.1008
28.8555
28.7763
28.8858
27.807
28.6176
28.3929
28.6722
28.5344
28.7067
28.9351
28.5084
28.8915
28.4994
29.0139
28.8463
29.0554
28.7088
28.7645
28.6312
28.7705
29.2459
28.5421
28.3968
29.0698
28.4936
28.7144
29.0702
28.4782
28.5939
29.2017
28.3611
29.2003
28.9034
28.7846
28.6062
28.7586
28.7783
28.9492
28.7296
29.0774
28.6736
29.1934
28.6037
28.8154
29.1569
29.0865
28.9039
29.0536
28.7482
29.0436
28.8751
28.5978
28.6069
29.2442
29.2126
28.5036
28.7892
29.4167
28.6565
29.2803
28.968
29.1359
29.1265
28.763
28.5972
28.801
28.8038
28.7214
29.0487
28.4647
28.8305
28.3311
29.1263
28.6979
28.6065
28.984
28.972
28.5715
28.6148
28.7958
28.7436
29.0412
28.6688
28.7726
28.6185
28.3518
28.5797
28.8021
28.9234
28.5537
28.4328
28.7183
28.7725
29.0696
28.5932
28.5216
28.8927
28.712
28.9043
28.6089
28.6407
28.7827
29.122
28.6697
28.6639
28.4455
28.9619
28.8414
28.8827
28.7607
28.84
28.9312
29.0222
28.5592
28.5514
28.6864
28.6962
28.6921
28.8808
28.7945
28.7279
28.7108
28.5287
28.8352
28.5428
29.1599
29.1281
28.8484
28.5554
28.5774
28.6528
28.9931
28.8563
28.5552
28.7558
28.3762
28.7865
28.6979
28.5566
28.762
28.6459
28.9222
28.6074
28.7919
28.8776
29.0161
29.2473
29.0831
28.8581
28.7817
28.7998
28.7738
28.7713
28.9245
28.8362
28.951
28.7226
28.5993
28.7511
28.3178
28.857
28.7578
28.7627
28.7754
29.0585
28.61
28.7236
29.109
28.9258
28.25
28.9896
28.6332
28.7718
28.81
28.9777
28.5262
29.073
28.8501
28.8254
28.837
29.0853
29.2274
29.106
28.7933
28.6748
28.8168
28.7985
28.9956
28.7467
28.5156
28.9084
28.8457
28.919
28.8964
28.7983
28.7959
28.7656
28.8835
28.5356
28.6617
28.7264
28.9975
28.9643
28.6259
29.0479
28.2664
28.5663
29.1945
29.3258
28.9131
28.555
28.4312
28.5608
29.1041
28.6128
28.866
28.9831
28.7915
28.6077
29.0001
28.7966
28.7689
28.6332
28.5845
28.7514
28.6504
28.7178
28.9459
28.8725
28.8653
28.7359
28.9024
28.9168
28.6055
28.8511
29.0179
28.7276
28.8799
28.4442
28.7878
28.6711
28.701
29.0047
28.5403
28.5907
28.9074
28.7593
29.3043
28.7124
29.0825
28.9529
29.3067
28.8175
28.4572
29.2565
28.6933
28.9734
28.7356
28.9027
28.761
28.6938
28.3649
28.8891
28.8017
29.2326
28.4985
29.0523
28.8679
29.3456
29.1241
28.866
28.9369
28.7429
28.6665
29.0158
29.126
28.6059
28.5983
28.9833
28.5267
29.1859
28.9967
28.4307
28.8362
28.6262
28.8458
29.3867
28.7324
29.1697
28.6719
28.7426
28.8197
29.1223
28.9122
28.9474
29.1266
28.9056
28.4944
28.5526
28.7568
28.7687
28.9927
28.9804
29.146
28.7476
28.7827
29.1722
29.1545
29.0013
29.2121
28.6714
28.542
28.7733
28.8544
28.7968
28.7281
28.3982
29.0625
28.8015
29.2193
29.0814
29.1696
28.7832
28.8576
29.2057
28.793
28.9646
28.6951
29.0625
28.7549
29.0017
29.1031
28.9195
28.738
28.77
28.9416
28.9344
29.0528
28.9456
28.9147
29.122
29.1439
28.6974
29.2584
29.4218
29.1585
28.8372
28.8118
28.7739
28.6691
28.8424
28.5645
28.9829
28.7401
28.7446
28.8086
28.7221
29.0818
28.9646
28.906
28.9188
28.9909
29.3409
29.4807
28.9779
28.7789
28.765
28.8227
29.0879
28.8715
28.8113
29.1692
28.9282
29.2025
29.4453
28.4137
29.2391
28.6768
28.9591
29.018
29.0365
28.7969
28.5815
29.0524
28.9194
28.9929
28.6765
28.9891
28.8519
29.0983
28.9628
28.6761
29.1873
29.2809
29.0546
28.7187
28.7159
28.7729
28.8823
28.8566
28.9327
28.8751
28.672
29.1005
28.4905
28.8399
28.69
28.9274
28.5577
28.7247
28.8593
28.4022
28.7047
29.0551
28.987
28.6033
28.8102
28.754
28.8943
28.7279
28.4898
28.9449
28.6584
28.7672
28.3977
28.4422
28.6777
28.8798
28.8021
29.0119
29.007
28.898
28.9157
29.0424
28.9492
28.8482
28.657
28.7142
28.802
29.0006
29.0276
28.5029
28.6928
29.2599
28.5932
28.6007
28.7271
28.9837
28.5546
28.8906
28.7202
28.7158
28.8446
29.1672
28.962
28.7714
28.9989
28.9412
28.949
28.7954
28.7508
28.8023
28.753
28.6669
28.698
28.6856
28.9448
29.2681
28.9162
28.673
28.996
28.8026
28.8544
29.3017
29.1047
28.5421
28.6858
28.8223
28.985
29.1042
28.7533
28.7924
28.9182
29.1983
28.4408
28.8574
28.735
28.9179
28.9327
29.0444
29.1986
28.9188
28.781
28.5105
29.3383
28.6014
28.57
28.5437
28.6035
29.1035
28.6957
28.7602
29.0948
28.7906
28.586
29.1144
28.8645
28.4105
28.8285
28.8424
28.9549
28.9951
28.9601
29.1905
28.8882
28.4924
28.5285
28.6678
29.0751
28.4527
28.8695
28.8166
28.6939
28.8465
28.4265
28.6755
28.83
29.2605
28.6384
28.8853
28.6544
28.7441
28.6732
28.9281
28.6842
28.6851
28.7516
29.1704
28.94
28.9521
28.6502
29.0956
29.1374
28.593
29.0682
28.7409
29.0699
28.6546
29.2881
28.8673
28.8121
29.2412
29.0455
29.0174
28.475
29.0899
28.8542
28.7631
28.8496
29.2001
28.8998
28.4417
28.6714
28.5565
29.471
28.891
29.1008
28.7092
29.0848
28.799
28.9999
28.8654
28.963
28.8279
28.9656
28.6651
28.9455
28.8679
29.0155
29.4834
28.8554
28.7473
28.7804
28.7813
29.1256
28.8443
28.6319
28.7727
28.9239
28.8862
28.947
28.5024
28.7025
29.0499
28.6957
29.1626
28.8683
28.9531
29.2999
29.1427
29.4246
29.0157
29.1109
29.0587
28.7782
28.9584
29.2518
29.1974
29.1427
29.4961
29.2224
29.0321
28.9886
29.2362
28.8249
29.3616
29.1016
29.3809
29.3616
28.8913
29.3032
28.7495
29.3348
28.9636
28.9903
29.0249
29.0183
28.9839
28.9755
28.7991
28.5721
28.5717
28.6292
29.3292
28.9617
28.7576
28.8427
28.8471
28.7163
28.4102
28.7941
28.9672
28.9351
28.8736
29.1639
28.71
28.8813
28.7171
28.6987
28.9016
28.6137
28.9709
28.5096
29.0514
28.7324
28.8944
29.1771
28.7674
28.9351
28.8109
28.6599
29.2123
28.726
28.6379
28.7115
28.7325
29.3274
28.9671
29.2401
28.9372
28.8679
29.0353
28.7436
28.5884
28.978
28.5903
28.8189
29.3617
28.5314
28.6639
28.8296
28.7895
28.6896
28.4926
28.4837
28.389
28.4779
28.6777
28.6803
28.9128
28.9057
28.86
28.8984
28.6937
28.6109
28.6397
28.5515
29.1847
28.6548
28.7822
28.6979
28.5763
28.647
28.833
28.915
28.3391
28.681
28.8328
28.6869
29.2302
29.129
28.8573
28.5686
28.8662
29.0155
28.9813
29.1644
29.101
28.8637
29.0524
28.9303
29.0425
29.1117
29.1544
29.0222
28.72
28.7106
29.1257
28.8536
28.9532
29.0874
28.4806
28.8701
28.8927
28.8246
29.3023
28.8181
28.9286
28.7677
28.9914
28.7087
29.084
28.7127
29.0253
29.262
28.6008
28.9017
29.2721
28.8278
28.8745
29.0496
28.9968
28.8498
28.912
29.1314
28.8343
28.8092
28.8931
29.1142
28.4739
28.9503
28.618
28.6764
28.6356
28.8215
28.7245
29.0153
28.5637
28.9773
28.6924
29.0696
28.5395
28.9078
28.9645
28.8695
28.8876
29.2694
28.5507
28.6218
29.0903
28.645
28.8179
28.474
28.7141
28.6544
28.7681
29.0943
28.6868
28.75
28.8899
28.3339
28.8209
28.5232
28.7422
28.8943
28.7445
28.7988
28.5906
28.6019
28.7308
28.5025
29.076
28.9885
28.3707
28.9487
28.7789
28.8442
28.7327
28.8223
28.5513
28.9485
29.3408
29.0178
29.0717
28.7336
29.1723
28.9897
28.9154
28.7292
28.9994
28.7932
28.7376
28.7757
28.7383
28.4736
28.7254
28.495
28.6383
28.771
28.7798
29.1167
29.1258
28.5282
28.6189
28.8331
28.4152
28.9609
28.8562
28.8345
28.9141
28.6859
29.0722
28.5785
28.6184
28.5336
29.1164
28.7785
28.9826
28.5784
28.4101
29.1122
29.1516
29.2518
28.6827
29.0474
28.8349
29.2991
28.7536
29.065
28.594
28.9435
28.7335
28.5909
29.0198
28.5644
28.6398
28.9971
29.0067
29.1
28.5763
28.7253
28.8323
28.8541
29.1939
29.0933
29.0535
28.9997
29.184
28.903
29.1386
28.7532
28.9579
28.9178
28.7963
29.2398
28.9955
28.9559
29.0492
28.7453
29.0004
28.7227
28.9822
28.9157
28.9606
28.9666
28.4416
29.077
28.8984
29.0268
28.9585
28.9201
28.7337
28.7449
28.4878
28.8276
28.7367
28.3146
29.3268
29.1412
29.0921
28.8362
28.8121
28.9103
28.8857
28.8773
29.2041
29.2203
28.8689
28.751
29.1086
29.0907
28.9878
29.1903
29.0186
28.8801
29.1081
29.0339
28.6249
28.688
28.8719
28.9214
28.4938
29.3202
28.1894
28.8778
28.8525
28.6793
28.8043
28.9
28.7551
29.391
29.0634
29.3503
29.3805
29.2704
28.7996
28.9812
28.933
28.5741
29.1247
28.9941
29.0183
28.9316
29.2175
28.6809
29.0415
29.1404
28.6785
28.9997
28.8503
28.9613
28.7347
28.4334
28.9961
29.0803
28.5774
28.541
28.4429
28.3337
29.5478
28.7269
29.2916
28.5652
29.0741
28.7125
29.064
28.9435
29.2814
28.4974
28.4706
28.636
28.5571
29.1349
28.8379
29.2491
28.9948
28.9105
28.9787
28.7224
28.8162
28.7757
29.5074
28.7094
28.8062
29.2995
28.6874
28.7984
28.862
28.6972
28.8622
28.9187
28.9715
28.8936
28.8562
28.7703
28.9843
28.7675
28.857
28.9764
29.4214
29.1166
28.4375
29.2224
29.0501
28.3743
28.9554
29.116
28.7147
28.5751
29.413
28.9469
28.972
28.5922
28.9642
29.1141
28.691
29.1355
29.2608
28.503
28.5948
28.8636
28.7901
28.8422
28.9089
29.1947
28.9618
28.8238
28.9693
29.1676
29.0555
29.0817
28.8571
28.7805
28.7195
28.4761
28.9459
28.866
28.9665
29.0179
28.4435
28.7271
29.1193
29.2185
28.4121
28.542
28.6997
28.6751
28.9865
28.9262
28.8441
